1 1301735950.000000 39.985082 116.327633 270.420000 0.376000
2 1301735951.000000 39.985082 116.327627 268.240000 0.741000
2 1301735959.000000 39.985082 116.327342 280.900000 3.431000
3 1301735960.000000 39.985090 116.327303 289.100000 3.334000
2 1301735961.000000 39.985103 116.327267 297.340000 3.653000
22 1301735962.000000 39.985122 116.327228 nan nan
33 1301735985.000000 39.987362 116.326967 358.000000 13.448000
33 1301736042.000000 39.991130 116.326852 nan nan
3 1301736053.000000 39.991122 116.326860 36.660000 0.051000
3 1301736062.000000 39.991118 116.326863 nan nan
22 1301736076.000000 39.991117 116.326868 67.400000 0.057000
2 1301736077.000000 39.991117 116.326868 nan nan
5 1301736093.000000 39.991113 116.326870 83.980000 0.062000
3 1301736094.000000 39.991113 116.326870 61.830000 0.041000
22 1301736100.000000 39.991113 116.326872 40.530000 0.067000
2 1301736145.000000 39.991108 116.326880 41.730000 0.051000
22 1301736212.000000 39.993368 116.326703 359.680000 2.150000
3 1301736222.000000 39.993498 116.326693 56.450000 0.031000
2 1301736227.000000 39.993500 116.326692 54.370000 0.031000
22 1301736237.000000 39.993502 116.326690 58.200000 0.031000
22 1301736251.000000 39.993507 116.326687 23.090000 0.036000
2 1301736323.000000 39.993813 116.326675 nan nan
22 1301736353.000000 39.993815 116.326672 nan nan
22 1301736354.000000 39.993815 116.326672 nan nan
22 1301736355.000000 39.993815 116.326672 nan nan
2 1301736398.000000 39.993840 116.326670 0.610000 0.350000
22 1301736399.000000 39.993843 116.326670 1.150000 0.622000
22 1301736400.000000 39.993850 116.326670 1.250000 0.813000
23 1301736401.000000 39.993858 116.326670 2.840000 0.875000
22 1301736407.000000 39.993868 116.326668 nan nan
2 1301736418.000000 39.993980 116.326687 25.710000 1.996000
2 1301736429.000000 39.994175 116.326832 20.770000 3.925000
22 1301736446.000000 39.994963 116.326782 356.450000 4.013000
22 1301736482.000000 39.996335 116.327790 nan nan
2 1301736483.000000 39.996343 116.327895 86.770000 8.859000
2 1301736489.000000 39.996360 116.328552 88.530000 9.697000
22 1301736490.000000 39.996362 116.328667 88.440000 9.898000
22 1301736508.000000 39.997425 116.329233 357.940000 7.573000
22 1301736582.000000 39.999887 116.327787 nan nan
3 1301736592.000000 39.999863 116.327513 nan nan
22 1301736609.000000 39.999957 116.327008 352.990000 0.628000
2 1301736624.000000 39.999965 116.327013 24.750000 0.057000
22 1301736628.000000 39.999967 116.327013 20.890000 0.057000
3 1301736644.000000 39.999970 116.327017 22.830000 0.041000
22 1301836644.000000 39.996362 116.328667 88.440000 9.898000